100
3908 4451 2565
-56176 3289 12553
-75428 4908 17051
11232 6372 4798
44984 4325 10730
89058 13428 23185
-36139 7942 10407
-4736 7819 4077
-5635 7907 4293
-22790 6841 7298
75977 5209 17281
-61548 2725 13403
24766 6060 7381
6185 9104 4881
-11991 926 2772
-15068 2228 3907
-88328 7147 20527
-60882 14108 17822
-36701 11320 11872
88478 213 17783
25542 14623 10960
63018 6347 15145
-9889 9517 5787
18736 5326 5881
29124 7831 8960
-48181 307 9762
1932 7546 3408
-33445 14871 12641
20353 10477 8264
46813 3873 10914
61808 14906 18327
49651 2198 10812
97312 14339 25200
-84287 12938 22035
86997 2023 18211
62417 13175 17757
62503 4360 14248
-72863 13036 19790
98074 9465 23404
-1977 9089 4033
-15676 8747 6637
94657 1747 19633
24211 3512 6250
39707 7682 11017
70731 8421 17518
2673 1566 1164
-2462 3853 2036
-67020 9691 17284
91200 3283 19556
-31275 11636 10913
-59475 2724 12987
71325 5257 16371
35347 4779 8983
2825 114 613
-34440 7133 9744
-8523 3544 3124
-88369 5033 19689
34548 11502 11513
87240 10471 21640
-55924 5017 13194
88081 11313 22144
82510 10907 20868
-68373 6311 16202
-81675 14633 22191
-30707 298 6263
-49460 5356 12038
8453 1391 2250
76725 5691 17625
84173 9471 20626
92240 12873 23600
27970 1707 6280
56333 2515 12276
12935 754 2891
-64437 9470 16679
-59686 13216 17227
-46879 8385 12733
-99377 1728 20569
-96744 13148 24610
-40397 352 8223
17515 2690 4583
71915 5656 16649
33751 4237 8448
42939 8012 11795
50143 193 10108
-12961 11985 7390
33622 4860 8672
-28171 14916 11604
60182 12145 16898
51462 11889 15050
73030 1468 15196
-99023 136 19862
54593 8693 14398
-30397 70 6111
-32855 4590 8411
-83888 3745 18279
66245 13596 18691
34563 6883 9668
258 2318 981
-68029 3845 15147
-39418 8661 11351
