100
37582 12042 12336
25154 4232 6726
46758 481 9547
5058 4693 2891
-40494 257 8204
-64905 1446 13563
44856 3781 10487
5156 6191 3511
43913 9208 12468
-9268 3640 3313
70319 9893 18023
-71873 13121 19626
87197 13011 22647
-58180 10976 16030
93451 3999 20292
-24290 9699 8740
74802 11588 19598
1860 3569 1802
81667 14375 22087
-58900 7225 14674
52146 826 10763
-92977 88 18633
32023 10626 10658
-37917 6585 10221
-38510 13017 12912
-63652 5582 14966
78052 1283 16126
-79148 3045 17051
-18531 13068 8936
76150 5205 17316
-42375 11693 13155
-57274 3521 12866
-94745 10486 23147
82660 4010 18140
-29792 10090 9998
3838 3102 2011
87231 4970 19438
32351 6769 9180
-70787 1580 14793
35274 13403 12418
-53943 7407 13754
-90534 8792 21626
-21663 14299 10054
-18426 14830 9621
28804 9601 9604
52755 13161 15819
-6431 11718 5976
-56266 8113 14501
53228 11705 15331
35912 9763 11090
61564 6546 14934
-38504 7017 10510
69905 10043 18001
29217 8491 9243
-17747 1308 4075
64497 3416 14269
65966 1692 13873
6930 9606 5232
84740 13286 22266
-82211 4794 18362
-35496 7740 10199
-68012 3904 15166
-83784 12966 21946
8447 10721 5981
289 2911 1225
-51702 11197 14822
70155 7483 17027
-11493 10950 6682
85878 11409 21741
78276 7306 18581
25874 7851 8318
93662 11643 23392
40516 349 8245
54324 5854 13208
60526 10874 16457
90538 6600 20751
76122 11811 19952
81227 12081 21081
-51426 1918 11055
70398 4652 15943
-16384 13374 8628
71295 14586 20097
-15614 11521 7734
53823 7849 13906
-10696 285 2257
-56509 9753 15205
41655 1837 9069
-60962 8069 15422
33999 9061 10427
62338 9932 16443
-57407 312 11609
26087 2362 6165
97169 4464 21221
6480 10670 5568
80182 5549 18258
39924 10288 12102
-80339 9420 19839
21938 2659 5453
-65196 12197 17921
6511 13413 6670
