100
74041 6328 17342
71648 1899 15091
42421 2302 9408
28232 4023 7258
-52789 5969 12947
38355 8815 11201
44235 13885 14405
79894 9034 19594
48886 9560 13605
-75355 13689 20549
8197 2789 2757
-90432 11434 22662
-81631 7242 19226
72731 11266 19056
-88762 12220 22644
29621 9793 9844
45793 4136 10816
-77346 12491 20469
41110 14431 13998
-99896 6379 22533
-14863 6449 5554
87352 9255 21176
19473 3139 5152
69521 10792 18224
75736 9280 18863
-70873 11542 18794
-85298 9544 20879
-62896 11330 17115
30851 12755 11276
-45390 1697 9760
85662 3040 18352
-14535 7688 5985
62819 8203 15847
85297 11462 21647
27719 7989 8741
-81972 1323 16926
56828 9676 15239
-27380 14164 11144
-16367 7875 6427
35082 2882 8172
-95233 8813 22574
2034 1487 1004
46277 12868 14405
-81283 12950 21440
6581 1824 2048
-31141 11079 10662
-94866 10683 23249
-1733 13021 5558
-96715 12090 24183
4941 7352 3932
-74950 3332 16326
67253 12239 18348
-76370 10357 19420
-32520 4867 8454
19185 7915 7007
-21102 1591 4860
-50030 9699 13888
96061 2144 20072
-66618 14479 19117
31465 3844 7833
18512 2120 4554
-7307 8051 4685
44067 3417 10183
95015 11601 23647
34952 7891 10150
-90129 13434 23401
78130 8037 18844
-28483 11296 10218
79981 11417 20566
-13935 7987 5985
-37276 2810 8583
60875 3358 13521
70277 1370 14607
-56285 10945 15639
58379 6964 14463
34415 3102 8127
-78666 5239 17831
39012 14368 13552
-1529 8590 3745
-21527 10617 8555
-51839 13922 15939
-8795 1227 2253
63410 6507 15288
-21909 13992 9981
-12005 12550 7425
-7302 12681 6536
93759 11896 23513
22037 6336 6945
-97681 1006 19942
-3031 14787 6524
-16963 12957 8578
-78765 3545 17175
62635 480 12723
-83291 6715 19348
21766 14892 10313
94583 14097 24558
37084 1346 7958
38855 4206 9457
7013 10865 5752
-39117 4014 9431
